{"frames":1608,"data":[{"currentFrameRate":109.658,"devices":[],"gestures":[],"hands":[{"armBasis":[[0.918659,0.230846,-0.320587],[0.0991741,0.650757,0.752781],[0.3824,-0.723343,0.57493]],"armWidth":53.9415,"confidence":1,"direction":[0.114539,0.595993,-0.794779],"elbow":[122.954,-3.43922,282.155],"grabAngle":1.19122,"grabStrength":0.282733,"id":227,"palmNormal":[-0.124469,-0.785129,-0.606695],"palmPosition":[30.4961,201.969,97.202],"palmVelocity":[-10.4402,-18.0594,-0.789334],"palmWidth":77.8051,"pinchDistance":62.4215,"pinchStrength":0,"r":[[0.798406,-0.00644354,0.602084],[0.563751,0.359239,-0.743729],[-0.2115,0.933223,0.290452]],"s":0.990724,"sphereCenter":[36.5222,163.535,47.2378],"sphereRadius":64.5257,"stabilizedPalmPosition":[22.5962,210.842,118.38],"t":[18.2594,-22.2037,-67.2868],"timeVisible":1.48298,"type":"right","wrist":[34.6674,163.563,149.417]}],"id":472679,"interactionBox":{"center":[0,200,0],"size":[235.247,235.247,147.751]},"pointables":[{"bases":[[[0.530278,0.750769,0.393893],[-0.782233,0.254066,0.568825],[0.326981,-0.609752,0.722002]],[[0.2985,0.95428,-0.0157391],[-0.857938,0.275516,0.433628],[0.418139,-0.115935,0.900954]],[[0.2985,0.95428,-0.0157391],[-0.873219,0.279726,0.399051],[0.385209,-0.105373,0.916793]],[[0.2985,0.95428,-0.0157391],[-0.891554,0.284689,0.352256],[0.340631,-0.0911162,0.935771]]],"btipPosition":[-28.2312,180.912,51.4],"carpPosition":[6.58084,171.362,132.584],"dipPosition":[-21.8237,179.198,69.0027],"direction":[-0.385209,0.105373,-0.916793],"extended":true,"handId":227,"id":2270,"length":41.889,"mcpPosition":[6.58084,171.362,132.584],"pipPosition":[-11.2671,176.311,94.1271],"stabilizedTipPosition":[-26.467,180.905,55.4425],"timeVisible":1.48298,"tipPosition":[-26.2712,183.26,54.9571],"tipVelocity":[-24.0194,-14.0073,5.30788],"tool":false,"touchDistance":0.325663,"touchZone":"hovering","type":0,"width":17.0664},{"bases":[[[0.99083,-0.0659562,-0.117923],[0.115294,0.867793,0.483367],[0.0704519,-0.49253,0.867439]],[[0.988447,-0.0520326,-0.142352],[0.101471,0.924858,0.366527],[0.112584,-0.376737,0.919453]],[[0.988447,-0.0520326,-0.142352],[0.0245231,0.981753,-0.18857],[0.149567,0.182901,0.971688]],[[0.988447,-0.0520326,-0.142352],[-0.0371838,0.827268,-0.560575],[0.146932,0.559392,0.815777]]],"btipPosition":[3.26405,221.54,19.1643],"carpPosition":[16.5072,188.781,135.564],"dipPosition":[5.28182,229.222,30.3672],"direction":[-0.149567,-0.182901,-0.971688],"extended":true,"handId":227,"id":2271,"length":47.2671,"mcpPosition":[12.0752,219.766,80.9944],"pipPosition":[8.18749,232.775,49.2443],"stabilizedTipPosition":[2.85907,224.253,21.8202],"timeVisible":1.48298,"tipPosition":[4.08179,228.357,21.8617],"tipVelocity":[-12.0334,-14.4845,0.473323],"tool":false,"touchDistance":-0.244145,"touchZone":"touching","type":1,"width":16.3018},{"bases":[[[0.956969,-0.278857,-0.0803078],[0.282664,0.833125,0.475399],[-0.0656619,-0.477642,0.876097]],[[0.956489,-0.282175,-0.0742082],[0.289148,0.882706,0.370438],[-0.0390242,-0.375777,0.925888]],[[0.956489,-0.282175,-0.0742082],[0.264537,0.94599,-0.187414],[0.123084,0.159628,0.979474]],[[0.956489,-0.282175,-0.0742082],[0.18574,0.785021,-0.590967],[0.225011,0.55147,0.803275]]],"btipPosition":[26.1771,220.681,11.9459],"carpPosition":[26.9598,189.606,134.602],"dipPosition":[29.5758,229.011,24.0788],"direction":[-0.123084,-0.159628,-0.979474],"extended":true,"handId":227,"id":2272,"length":53.8571,"mcpPosition":[30.8771,218.101,82.336],"pipPosition":[32.389,232.659,46.4657],"stabilizedTipPosition":[25.3393,222.758,14.8257],"timeVisible":1.48298,"tipPosition":[29.0502,226.348,14.5836],"tipVelocity":[-9.60643,-7.89013,-1.96631],"tool":false,"touchDistance":-0.228613,"touchZone":"touching","type":2,"width":16.0105},{"bases":[[[0.912826,-0.408112,0.0138849],[0.348076,0.795422,0.496132],[-0.213522,-0.448049,0.868136]],[[0.906773,-0.419979,0.0371578],[0.385558,0.861651,0.330005],[-0.170613,-0.284913,0.943247]],[[0.906773,-0.419979,0.0371578],[0.416257,0.877743,-0.237271],[0.0670341,0.230618,0.970733]],[[0.906773,-0.419979,0.0371578],[0.350739,0.702486,-0.61927],[0.233978,0.57457,0.784298]]],"btipPosition":[49.7846,208.134,19.7485],"carpPosition":[37.2271,187.667,133.514],"dipPosition":[53.2984,216.763,31.5266],"direction":[-0.0670341,-0.230618,-0.970733],"extended":true,"handId":227,"id":2273,"length":51.785,"mcpPosition":[48.664,211.666,87.0143],"pipPosition":[54.791,221.898,53.1407],"stabilizedTipPosition":[49.6855,210.455,22.6182],"timeVisible":1.48298,"tipPosition":[51.5973,212.092,22.413],"tipVelocity":[-8.46357,-11.1797,-4.02823],"tool":false,"touchDistance":-0.180904,"touchZone":"touching","type":3,"width":15.235},{"bases":[[[0.811834,-0.583005,0.0321013],[0.465576,0.679532,0.566988],[-0.352371,-0.445354,0.823101]],[[0.763057,-0.632755,0.131778],[0.577368,0.75896,0.301042],[-0.2905,-0.153628,0.944462]],[[0.763057,-0.632755,0.131778],[0.636888,0.701389,-0.320042],[0.11008,0.328138,0.938194]],[[0.763057,-0.632755,0.131778],[0.545179,0.520602,-0.65708],[0.347166,0.573232,0.742213]]],"btipPosition":[65.405,193.093,38.7015],"carpPosition":[46.2176,179.745,131.387],"dipPosition":[70.2148,201.035,48.9843],"direction":[-0.11008,-0.328138,-0.938194],"extended":true,"handId":227,"id":2274,"length":40.5985,"mcpPosition":[63.6892,201.827,90.5752],"pipPosition":[71.9453,206.194,63.7333],"stabilizedTipPosition":[66.4962,195.694,41.1167],"timeVisible":1.48298,"tipPosition":[67.7049,195.748,41.5524],"tipVelocity":[-15.6116,-21.7321,-3.37632],"tool":false,"touchDistance":-0.12762,"touchZone":"touching","type":4,"width":13.533}],"r":[[0.798406,-0.00644354,0.602084],[0.563751,0.359239,-0.743729],[-0.2115,0.933223,0.290452]],"s":0.990724,"t":[18.2594,-22.2037,-67.2868],"timestamp":4280822315},{"currentFrameRate":109.961,"devices":[],"gestures":[],"hands":[{"armBasis":[[0.917892,0.231831,-0.322069],[0.0994832,0.651255,0.75231],[0.384158,-0.72258,0.574718]],"armWidth":53.9415,"confidence":1,"direction":[0.114482,0.595087,-0.795466],"elbow":[123.279,-3.41567,282.095],"grabAngle":1.18912,"grabStrength":0.280323,"id":227,"palmNormal":[-0.124831,-0.785766,-0.605796],"palmPosition":[30.3931,201.761,97.1553],"palmVelocity":[-12.0453,-24.2962,-5.45859],"palmWidth":77.8051,"pinchDistance":62.5196,"pinchStrength":0,"r":[[0.798405,-0.00687869,0.602082],[0.564025,0.358575,-0.743841],[-0.210775,0.933476,0.290168]],"s":0.991518,"sphereCenter":[36.3156,163.255,47.1968],"sphereRadius":64.5699,"stabilizedPalmPosition":[22.664,210.763,118.195],"t":[18.1735,-22.3792,-67.3118],"timeVisible":1.49154,"type":"right","wrist":[34.5863,163.41,149.407]}],"id":472680,"interactionBox":{"center":[0,200,0],"size":[235.247,235.247,147.751]},"pointables":[{"bases":[[[0.530574,0.751067,0.392925],[-0.782018,0.254894,0.568751],[0.327016,-0.609039,0.722587]],[[0.298463,0.954265,-0.0172882],[-0.85762,0.276096,0.433889],[0.418818,-0.114673,0.900801]],[[0.298463,0.954265,-0.0172882],[-0.872202,0.280062,0.401035],[0.387536,-0.104615,0.915899]],[[0.298463,0.954265,-0.0172882],[-0.89065,0.284985,0.354296],[0.343019,-0.0903464,0.934974]]],"btipPosition":[-28.4704,180.661,51.4395],"carpPosition":[6.47932,171.199,132.577],"dipPosition":[-22.0179,178.961,69.0272],"direction":[-0.387536,0.104615,-0.915899],"extended":true,"handId":227,"id":2270,"length":41.889,"mcpPosition":[6.47932,171.199,132.577],"pipPosition":[-11.3976,176.094,94.1271],"stabilizedTipPosition":[-26.523,180.836,55.4471],"timeVisible":1.49154,"tipPosition":[-26.3949,182.999,54.9503],"tipVelocity":[-26.7529,-29.0426,4.20732],"tool":false,"touchDistance":0.326263,"touchZone":"hovering","type":0,"width":17.0664},{"bases":[[[0.990782,-0.0663406,-0.118112],[0.115644,0.868296,0.482379],[0.070555,-0.491591,0.867963]],[[0.988371,-0.0523146,-0.142781],[0.101778,0.925215,0.365539],[0.11298,-0.37582,0.91978]],[[0.988371,-0.0523146,-0.142781],[0.0246781,0.981694,-0.188861],[0.150048,0.183141,0.971568]],[[0.988371,-0.0523146,-0.142781],[-0.0372062,0.827222,-0.560643],[0.147442,0.559435,0.815655]]],"btipPosition":[3.13127,221.282,19.0956],"carpPosition":[16.411,188.619,135.536],"dipPosition":[5.15605,228.965,30.2968],"direction":[-0.150048,-0.183141,-0.971568],"extended":true,"handId":227,"id":2271,"length":47.2671,"mcpPosition":[11.9724,219.545,80.9329],"pipPosition":[8.07105,232.522,49.1716],"stabilizedTipPosition":[2.89965,224.187,21.8121],"timeVisible":1.49154,"tipPosition":[3.96486,228.063,21.7927],"tipVelocity":[-15.3342,-30.1358,-8.08103],"tool":false,"touchDistance":-0.245297,"touchZone":"touching","type":1,"width":16.3018},{"bases":[[[0.956876,-0.279191,-0.0802529],[0.283004,0.833576,0.474405],[-0.0655528,-0.476659,0.876641]],[[0.956417,-0.282368,-0.0743962],[0.2894,0.882649,0.370377],[-0.0389171,-0.375765,0.925897]],[[0.956417,-0.282368,-0.0743962],[0.264869,0.946165,-0.186054],[0.122927,0.15824,0.979719]],[[0.956417,-0.282368,-0.0743962],[0.186275,0.786187,-0.589247],[0.224874,0.549708,0.80452]]],"btipPosition":[26.0758,220.515,11.8566],"carpPosition":[26.8635,189.44,134.57],"dipPosition":[29.4724,228.818,24.0083],"direction":[-0.122927,-0.15824,-0.979719],"extended":true,"handId":227,"id":2272,"length":53.8571,"mcpPosition":[30.7743,217.877,82.2715],"pipPosition":[32.282,232.434,46.4008],"stabilizedTipPosition":[25.3912,222.746,14.8197],"timeVisible":1.49154,"tipPosition":[28.9141,226.019,14.5117],"tipVelocity":[-11.9012,-20.1732,-9.93905],"tool":false,"touchDistance":-0.23003,"touchZone":"touching","type":2,"width":16.0105},{"bases":[[[0.912725,-0.408331,0.014094],[0.348411,0.795879,0.495162],[-0.213407,-0.447037,0.868686]],[[0.906729,-0.42007,0.0371815],[0.385671,0.861671,0.329818],[-0.170585,-0.284716,0.943312]],[[0.906729,-0.42007,0.0371815],[0.416448,0.878033,-0.235858],[0.0664303,0.229343,0.971076]],[[0.906729,-0.42007,0.0371815],[0.351368,0.703782,-0.61744],[0.2332,0.572915,0.785739]]],"btipPosition":[49.7055,207.957,19.6547],"carpPosition":[37.13,187.498,133.482],"dipPosition":[53.2076,216.56,31.4545],"direction":[-0.0664303,-0.229343,-0.971076],"extended":true,"handId":227,"id":2273,"length":51.785,"mcpPosition":[48.5607,211.442,86.9521],"pipPosition":[54.6867,221.667,53.0762],"stabilizedTipPosition":[49.7276,210.429,22.6055],"timeVisible":1.49154,"tipPosition":[51.4693,211.781,22.3498],"tipVelocity":[-9.56254,-21.43,-10.3822],"tool":false,"touchDistance":-0.182384,"touchZone":"touching","type":3,"width":15.235},{"bases":[[[0.811693,-0.583178,0.03253],[0.4659,0.680038,0.566115],[-0.352267,-0.444356,0.823684]],[[0.763258,-0.632533,0.131678],[0.577594,0.759342,0.299642],[-0.289522,-0.152647,0.944921]],[[0.763258,-0.632533,0.131678],[0.636549,0.701295,-0.320921],[0.110648,0.328765,0.937908]],[[0.763258,-0.632533,0.131678],[0.544838,0.52059,-0.657372],[0.347259,0.573488,0.741972]]],"btipPosition":[65.2622,192.828,38.641],"carpPosition":[46.1179,179.571,131.361],"dipPosition":[70.0732,200.774,48.9205],"direction":[-0.110648,-0.328765,-0.937908],"extended":true,"handId":227,"id":2274,"length":40.5985,"mcpPosition":[63.5843,201.604,90.5199],"pipPosition":[71.8126,205.942,63.6649],"stabilizedTipPosition":[66.4832,195.588,41.1053],"timeVisible":1.49154,"tipPosition":[67.5831,195.468,41.5018],"tipVelocity":[-16.6645,-30.8746,-7.16397],"tool":false,"touchDistance":-0.128642,"touchZone":"touching","type":4,"width":13.533}],"r":[[0.798405,-0.00687869,0.602082],[0.564025,0.358575,-0.743841],[-0.210775,0.933476,0.290168]],"s":0.991518,"t":[18.1735,-22.3792,-67.3118],"timestamp":4280830869},{"currentFrameRate":110.221,"devices":[],"gestures":[],"hands":[{"armBasis":[[0.917217,0.232925,-0.3232],[0.0994984,0.651628,0.751985],[0.385762,-0.721892,0.574509]],"armWidth":53.9415,"confidence":1,"direction":[0.114119,0.593623,-0.79661],"elbow":[123.557,-3.41414,282.047],"grabAngle":1.18666,"grabStrength":0.277586,"id":227,"palmNormal":[-0.124968,-0.786902,-0.604291],"palmPosition":[30.2637,201.514,97.0959],"palmVelocity":[-15.0225,-28.708,-6.89909],"palmWidth":77.8051,"pinchDistance":62.6199,"pinchStrength":0,"r":[[0.798448,-0.0069857,0.602023],[0.56418,0.35778,-0.744106],[-0.210194,0.93378,0.28961]],"s":0.992479,"sphereCenter":[36.076,162.895,47.1623],"sphereRadius":64.627,"stabilizedPalmPosition":[22.7343,210.677,118],"t":[18.0658,-22.5906,-67.354],"timeVisible":1.50015,"type":"right","wrist":[34.4939,163.253,149.407]}],"id":472681,"interactionBox":{"center":[0,200,0],"size":[235.247,235.247,147.751]},"pointables":[{"bases":[[[0.530636,0.751853,0.391334],[-0.781835,0.255861,0.568568],[0.327353,-0.607661,0.723594]],[[0.298213,0.954303,-0.0193736],[-0.857244,0.276699,0.434247],[0.419764,-0.11289,0.900585]],[[0.298213,0.954303,-0.0193736],[-0.871123,0.280404,0.403135],[0.390145,-0.103343,0.914935]],[[0.298213,0.954303,-0.0193736],[-0.889692,0.28526,0.356477],[0.345713,-0.0890696,0.934103]]],"btipPosition":[-28.7458,180.342,51.4976],"carpPosition":[6.36655,171.015,132.583],"dipPosition":[-22.2426,178.666,69.0689],"direction":[-0.390145,0.103343,-0.914935],"extended":true,"handId":227,"id":2270,"length":41.889,"mcpPosition":[6.36655,171.015,132.583],"pipPosition":[-11.5508,175.834,94.1424],"stabilizedTipPosition":[-26.6003,180.743,55.4568],"timeVisible":1.50015,"tipPosition":[-26.5441,182.643,54.9521],"tipVelocity":[-30.6223,-36.4149,6.30678],"tool":false,"touchDistance":0.327168,"touchZone":"hovering","type":0,"width":17.0664},{"bases":[[[0.990745,-0.066449,-0.118357],[0.115726,0.869202,0.480725],[0.0709326,-0.489973,0.868847]],[[0.988286,-0.0522836,-0.143378],[0.101787,0.92582,0.364001],[0.113711,-0.374331,0.920297]],[[0.988286,-0.0522836,-0.143378],[0.0244341,0.981574,-0.189515],[0.150645,0.183792,0.971353]],[[0.988286,-0.0522836,-0.143378],[-0.0376244,0.827017,-0.560917],[0.147903,0.559741,0.815362]]],"btipPosition":[2.95074,220.934,19.0004],"carpPosition":[16.2973,188.442,135.506],"dipPosition":[4.98185,228.621,30.1976],"direction":[-0.150645,-0.183792,-0.971353],"extended":true,"handId":227,"id":2271,"length":47.2671,"mcpPosition":[11.835,219.265,80.8474],"pipPosition":[7.90845,232.192,49.0682],"stabilizedTipPosition":[2.93,224.1,21.7983],"timeVisible":1.50015,"tipPosition":[3.80332,227.657,21.6941],"tipVelocity":[-20.7961,-40.2595,-11.1587],"tool":false,"touchDistance":-0.246898,"touchZone":"touching","type":1,"width":16.3018},{"bases":[[[0.956878,-0.279233,-0.0800907],[0.283086,0.834486,0.472753],[-0.0651735,-0.475039,0.877548]],[[0.956445,-0.282241,-0.0745214],[0.28935,0.882878,0.36987],[-0.0385991,-0.375323,0.92609]],[[0.956445,-0.282241,-0.0745214],[0.264858,0.946379,-0.184976],[0.122733,0.157182,0.979913]],[[0.956445,-0.282241,-0.0745214],[0.186522,0.787259,-0.587735],[0.224551,0.548237,0.805614]]],"btipPosition":[25.9361,220.269,11.7388],"carpPosition":[26.7494,189.262,134.535],"dipPosition":[29.3278,228.55,23.907],"direction":[-0.122733,-0.157182,-0.979913],"extended":true,"handId":227,"id":2272,"length":53.8571,"mcpPosition":[30.6376,217.602,82.1821],"pipPosition":[32.133,232.142,46.3039],"stabilizedTipPosition":[25.4377,222.726,14.8098],"timeVisible":1.50015,"tipPosition":[28.7308,225.584,14.4093],"tipVelocity":[-16.3552,-29.107,-13.244],"tool":false,"touchDistance":-0.231931,"touchZone":"touching","type":2,"width":16.0105},{"bases":[[[0.912776,-0.408202,0.014512],[0.348506,0.796835,0.493556],[-0.213034,-0.445449,0.869593]],[[0.90688,-0.419735,0.0372934],[0.385443,0.862033,0.329141],[-0.1703,-0.284117,0.943544]],[[0.90688,-0.419735,0.0372934],[0.416222,0.878431,-0.234775],[0.0657833,0.228435,0.971334]],[[0.90688,-0.419735,0.0372934],[0.351645,0.705049,-0.615834],[0.232193,0.571601,0.786993]]],"btipPosition":[49.5906,207.711,19.5377],"carpPosition":[37.0157,187.318,133.446],"dipPosition":[53.0775,216.295,31.3563],"direction":[-0.0657833,-0.228435,-0.971334],"extended":true,"handId":227,"id":2273,"length":51.785,"mcpPosition":[48.4265,211.178,86.868],"pipPosition":[54.5422,221.381,52.9838],"stabilizedTipPosition":[49.7612,210.391,22.5878],"timeVisible":1.50015,"tipPosition":[51.3023,211.381,22.264],"tipVelocity":[-13.7524,-29.0574,-13.0862],"tool":false,"touchDistance":-0.184262,"touchZone":"touching","type":3,"width":15.235},{"bases":[[[0.81177,-0.583026,0.0333098],[0.466034,0.681139,0.564679],[-0.351911,-0.442866,0.824638]],[[0.76381,-0.631846,0.13178],[0.577498,0.760193,0.297662],[-0.288255,-0.151254,0.945532]],[[0.76381,-0.631846,0.13178],[0.635783,0.701341,-0.322336],[0.111243,0.329987,0.937408]],[[0.76381,-0.631846,0.13178],[0.544085,0.520464,-0.658095],[0.347228,0.574359,0.741313]]],"btipPosition":[65.0854,192.502,38.5692],"carpPosition":[46.0038,179.389,131.336],"dipPosition":[69.896,200.459,48.8395],"direction":[-0.111243,-0.329987,-0.937408],"extended":true,"handId":227,"id":2274,"length":40.5985,"mcpPosition":[63.4525,201.348,90.4484],"pipPosition":[71.6448,205.647,63.5761],"stabilizedTipPosition":[66.4531,195.459,41.0874],"timeVisible":1.50015,"tipPosition":[67.4306,195.12,41.439],"tipVelocity":[-20.5386,-37.6163,-8.58577],"tool":false,"touchDistance":-0.129874,"touchZone":"touching","type":4,"width":13.533}],"r":[[0.798448,-0.0069857,0.602023],[0.56418,0.35778,-0.744106],[-0.210194,0.93378,0.28961]],"s":0.992479,"t":[18.0658,-22.5906,-67.354],"timestamp":4280839480},{"currentFrameRate":110.404,"devices":[],"gestures":[],"hands":[{"armBasis":[[0.916563,0.233978,-0.324293],[0.099389,0.652221,0.751485],[0.387342,-0.721015,0.574547]],"armWidth":53.9415,"confidence":1,"direction":[0.113858,0.592377,-0.797575],"elbow":[123.812,-3.42343,282.001],"grabAngle":1.18508,"grabStrength":0.275594,"id":227,"palmNormal":[-0.12492,-0.787888,-0.603016],"palmPosition":[30.123,201.222,96.9877],"palmVelocity":[-16.107,-33.3933,-12.3931],"palmWidth":77.8051,"pinchDistance":62.6928,"pinchStrength":0,"r":[[0.798505,-0.00684799,0.60195],[0.564263,0.356929,-0.744452],[-0.209756,0.934106,0.288874]],"s":0.993496,"sphereCenter":[35.8145,162.518,47.0816],"sphereRadius":64.6587,"stabilizedPalmPosition":[22.8078,210.583,117.791],"t":[17.9417,-22.8421,-67.4292],"timeVisible":1.50888,"type":"right","wrist":[34.3838,163.041,149.352]}],"id":472682,"interactionBox":{"center":[0,200,0],"size":[235.247,235.247,147.751]},"pointables":[{"bases":[[[0.530557,0.75258,0.390041],[-0.781783,0.25661,0.568301],[0.327604,-0.606444,0.724501]],[[0.297859,0.954375,-0.0211871],[-0.856914,0.277091,0.434649],[0.420688,-0.111309,0.900351]],[[0.297859,0.954375,-0.0211871],[-0.869954,0.280515,0.405574],[0.393013,-0.102372,0.913817]],[[0.297859,0.954375,-0.0211871],[-0.888688,0.285326,0.358918],[0.348587,-0.0880782,0.933129]]],"btipPosition":[-29.0461,179.989,51.5011],"carpPosition":[6.23834,170.775,132.528],"dipPosition":[-22.4888,178.332,69.0541],"direction":[-0.393013,0.102372,-0.913817],"extended":true,"handId":227,"id":2270,"length":41.889,"mcpPosition":[6.23834,170.775,132.528],"pipPosition":[-11.7185,175.527,94.0969],"stabilizedTipPosition":[-26.7001,180.622,55.4655],"timeVisible":1.50888,"tipPosition":[-26.6974,182.245,54.891],"tipVelocity":[-32.9613,-39.8883,-0.0751251],"tool":false,"touchDistance":0.327157,"touchZone":"hovering","type":0,"width":17.0664},{"bases":[[[0.990737,-0.0664404,-0.11843],[0.115639,0.869989,0.47932],[0.0711866,-0.488575,0.869613]],[[0.988226,-0.0520983,-0.143856],[0.101575,0.926542,0.36222],[0.114417,-0.372567,0.920925]],[[0.988226,-0.0520983,-0.143856],[0.0239051,0.981269,-0.191155],[0.15112,0.185465,0.970961]],[[0.988226,-0.0520983,-0.143856],[-0.0382472,0.826267,-0.561979],[0.148141,0.560864,0.814546]]],"btipPosition":[2.76669,220.504,18.8644],"carpPosition":[16.1662,188.209,135.421],"dipPosition":[4.80107,228.206,30.0504],"direction":[-0.15112,-0.185465,-0.970961],"extended":true,"handId":227,"id":2271,"length":47.2671,"mcpPosition":[11.6879,218.944,80.7143],"pipPosition":[7.73691,231.81,48.9134],"stabilizedTipPosition":[2.94961,223.983,21.775],"timeVisible":1.50888,"tipPosition":[3.64313,227.231,21.5489],"tipVelocity":[-20.9869,-48.8314,-15.8674],"tool":false,"touchDistance":-0.249208,"touchZone":"touching","type":1,"width":16.3018},{"bases":[[[0.956919,-0.27917,-0.0798188],[0.283005,0.835294,0.471373],[-0.0649209,-0.473655,0.878314]],[[0.956514,-0.281992,-0.074574],[0.289159,0.883134,0.369407],[-0.0383111,-0.374907,0.926271]],[[0.956514,-0.281992,-0.074574],[0.26469,0.94656,-0.184292],[0.122558,0.156539,0.980038]],[[0.956514,-0.281992,-0.074574],[0.186591,0.788054,-0.586647],[0.224198,0.547221,0.806402]]],"btipPosition":[25.7877,219.968,11.5831],"carpPosition":[26.6179,189.029,134.447],"dipPosition":[29.1741,228.233,23.7632],"direction":[-0.122558,-0.156539,-0.980038],"extended":true,"handId":227,"id":2272,"length":53.8571,"mcpPosition":[30.491,217.286,82.0482],"pipPosition":[31.9753,231.811,46.163],"stabilizedTipPosition":[25.4793,222.694,14.7941],"timeVisible":1.50888,"tipPosition":[28.5546,225.134,14.2641],"tipVelocity":[-17.1295,-34.9166,-17.507],"tool":false,"touchDistance":-0.23448,"touchZone":"touching","type":2,"width":16.0105},{"bases":[[[0.91286,-0.407997,0.0149969],[0.348436,0.797689,0.492224],[-0.212789,-0.444106,0.870339]],[[0.907084,-0.419286,0.0373795],[0.385105,0.862424,0.328509],[-0.169976,-0.28359,0.943761]],[[0.907084,-0.419286,0.0373795],[0.41586,0.878814,-0.23398],[0.0652549,0.227784,0.971523]],[[0.907084,-0.419286,0.0373795],[0.351739,0.706171,-0.614494],[0.231252,0.570546,0.788036]]],"btipPosition":[49.4604,207.418,19.3832],"carpPosition":[36.8844,187.086,133.359],"dipPosition":[52.9332,215.986,31.2174],"direction":[-0.0652549,-0.227784,-0.971523],"extended":true,"handId":227,"id":2273,"length":51.785,"mcpPosition":[48.2821,210.874,86.7411],"pipPosition":[54.3862,221.058,52.8491],"stabilizedTipPosition":[49.7864,210.34,22.5634],"timeVisible":1.50888,"tipPosition":[51.1395,210.962,22.1361],"tipVelocity":[-15.277,-33.953,-17.2796],"tool":false,"touchDistance":-0.186777,"touchZone":"touching","type":3,"width":15.235},{"bases":[[[0.811892,-0.582811,0.0340912],[0.466,0.682129,0.563511],[-0.351675,-0.441623,0.825405]],[[0.764417,-0.631105,0.131811],[0.57738,0.761084,0.295607],[-0.286878,-0.149862,0.946172]],[[0.764417,-0.631105,0.131811],[0.634889,0.701284,-0.324217],[0.112178,0.331522,0.936755]],[[0.764417,-0.631105,0.131811],[0.543068,0.5201,-0.659221],[0.347483,0.575502,0.740306]]],"btipPosition":[64.8863,192.127,38.4613],"carpPosition":[45.8736,179.155,131.26],"dipPosition":[69.7004,200.1,48.7177],"direction":[-0.112178,-0.331522,-0.936755],"extended":true,"handId":227,"id":2274,"length":40.5985,"mcpPosition":[63.3107,201.052,90.3345],"pipPosition":[71.4639,205.311,63.444],"stabilizedTipPosition":[66.4047,195.301,41.0593],"timeVisible":1.50888,"tipPosition":[67.2769,194.744,41.3326],"tipVelocity":[-22.7116,-42.5386,-12.7241],"tool":false,"touchDistance":-0.131726,"touchZone":"touching","type":4,"width":13.533}],"r":[[0.798505,-0.00684799,0.60195],[0.564263,0.356929,-0.744452],[-0.209756,0.934106,0.288874]],"s":0.993496,"t":[17.9417,-22.8421,-67.4292],"timestamp":4280848214},{"currentFrameRate":110.619,"devices":[],"gestures":[],"hands":[{"armBasis":[[0.91591,0.234632,-0.325663],[0.099663,0.653003,0.750769],[0.388813,-0.720094,0.574708]],"armWidth":53.9415,"confidence":1,"direction":[0.113441,0.590912,-0.79872],"elbow":[124.037,-3.46532,281.995],"grabAngle":1.18304,"grabStrength":0.273446,"id":227,"palmNormal":[-0.125226,-0.788995,-0.601503],"palmPosition":[29.9698,200.875,96.8826],"palmVelocity":[-17.7008,-40.033,-12.1395],"palmWidth":77.8051,"pinchDistance":62.7897,"pinchStrength":0,"r":[[0.798613,-0.00651582,0.60181],[0.564251,0.355976,-0.744917],[-0.209376,0.934472,0.287963]],"s":0.994589,"sphereCenter":[35.5289,162.069,47.0045],"sphereRadius":64.7052,"stabilizedPalmPosition":[22.8857,210.478,117.564],"t":[17.8029,-23.1412,-67.5194],"timeVisible":1.51754,"type":"right","wrist":[34.2697,162.787,149.309]}],"id":472683,"interactionBox":{"center":[0,200,0],"size":[235.247,235.247,147.751]},"pointables":[{"bases":[[[0.530753,0.753299,0.388384],[-0.781491,0.257649,0.568233],[0.327983,-0.60511,0.725444]],[[0.297722,0.954369,-0.0232738],[-0.856322,0.277753,0.435391],[0.421988,-0.109696,0.89994]],[[0.297722,0.954369,-0.0232738],[-0.8687,0.280945,0.407959],[0.395882,-0.101241,0.912703]],[[0.297722,0.954369,-0.0232738],[-0.887645,0.285715,0.361182],[0.351351,-0.0868731,0.932205]]],"btipPosition":[-29.3669,179.585,51.5296],"carpPosition":[6.10366,170.494,132.491],"dipPosition":[-22.7576,177.951,69.0652],"direction":[-0.395882,0.101241,-0.912703],"extended":true,"handId":227,"id":2270,"length":41.889,"mcpPosition":[6.10366,170.494,132.491],"pipPosition":[-11.9086,175.176,94.0775],"stabilizedTipPosition":[-26.82,180.474,55.4757],"timeVisible":1.51754,"tipPosition":[-26.882,181.795,54.8572],"tipVelocity":[-35.6628,-46.0512,2.83038],"tool":false,"touchDistance":0.327566,"touchZone":"hovering","type":0,"width":17.0664},{"bases":[[[0.990676,-0.0666519,-0.118821],[0.115881,0.870868,0.477661],[0.0716401,-0.486976,0.870472]],[[0.988115,-0.0521748,-0.144594],[0.101736,0.927118,0.360697],[0.115236,-0.37112,0.921407]],[[0.988115,-0.0521748,-0.144594],[0.0236859,0.98108,-0.192147],[0.151883,0.186438,0.970656]],[[0.988115,-0.0521748,-0.144594],[-0.038725,0.825809,-0.562619],[0.148761,0.561531,0.813974]]],"btipPosition":[2.55325,220.05,18.7335],"carpPosition":[16.0329,187.932,135.347],"dipPosition":[4.59614,227.761,29.9115],"direction":[-0.151883,-0.186438,-0.970656],"extended":true,"handId":227,"id":2271,"length":47.2671,"mcpPosition":[11.5261,218.568,80.5862],"pipPosition":[7.54681,231.383,48.7687],"stabilizedTipPosition":[2.95477,223.831,21.7419],"timeVisible":1.51754,"tipPosition":[3.44953,226.733,21.4096],"tipVelocity":[-24.4208,-52.2669,-15.3306],"tool":false,"touchDistance":-0.251421,"touchZone":"touching","type":1,"width":16.3018},{"bases":[[[0.956879,-0.27931,-0.0798012],[0.283243,0.83616,0.469691],[-0.064463,-0.472041,0.879217]],[[0.9565,-0.281973,-0.074831],[0.289263,0.883358,0.36879],[-0.0378864,-0.374393,0.926496]],[[0.9565,-0.281973,-0.074831],[0.264708,0.946676,-0.183671],[0.122631,0.155873,0.980135]],[[0.9565,-0.281973,-0.074831],[0.186727,0.788812,-0.585584],[0.224147,0.546138,0.80715]]],"btipPosition":[25.6092,219.605,11.4261],"carpPosition":[26.4841,188.751,134.366],"dipPosition":[28.9948,227.854,23.6175],"direction":[-0.122631,-0.155873,-0.980135],"extended":true,"handId":227,"id":2272,"length":53.8571,"mcpPosition":[30.3299,216.912,81.9134],"pipPosition":[31.7977,231.417,46.0195],"stabilizedTipPosition":[25.5157,222.647,14.7715],"timeVisible":1.51754,"tipPosition":[28.3409,224.608,14.117],"tipVelocity":[-20.6313,-42.2888,-17.8336],"tool":false,"touchDistance":-0.237054,"touchZone":"touching","type":2,"width":16.0105},{"bases":[[[0.91287,-0.407964,0.0152738],[0.348685,0.798594,0.490578],[-0.212336,-0.442508,0.871263]],[[0.907212,-0.419017,0.0372895],[0.385023,0.862773,0.327689],[-0.16948,-0.282926,0.94405]],[[0.907212,-0.419017,0.0372895],[0.415625,0.879106,-0.233299],[0.0649751,0.227151,0.97169]],[[0.907212,-0.419017,0.0372895],[0.351846,0.707206,-0.613241],[0.230587,0.56946,0.789015]]],"btipPosition":[49.3001,207.059,19.2221],"carpPosition":[36.75,186.806,133.277],"dipPosition":[52.763,215.611,31.0711],"direction":[-0.0649751,-0.227151,-0.97169],"extended":true,"handId":227,"id":2273,"length":51.785,"mcpPosition":[48.1234,210.508,86.6089],"pipPosition":[54.2097,220.669,52.7065],"stabilizedTipPosition":[49.8027,210.272,22.5311],"timeVisible":1.51754,"tipPosition":[50.9402,210.466,22.0019],"tipVelocity":[-18.7723,-41.8716,-18.204],"tool":false,"touchDistance":-0.189405,"touchZone":"touching","type":3,"width":15.235},{"bases":[[[0.811914,-0.582743,0.0347414],[0.466287,0.683166,0.562015],[-0.351244,-0.440109,0.826397]],[[0.764911,-0.630508,0.1318],[0.577411,0.761858,0.293545],[-0.285495,-0.148433,0.946816]],[[0.764911,-0.630508,0.1318],[0.634134,0.701185,-0.325904],[0.113069,0.332866,0.936171]],[[0.764911,-0.630508,0.1318],[0.542192,0.519761,-0.660209],[0.347763,0.576462,0.739427]]],"btipPosition":[64.6723,191.693,38.3424],"carpPosition":[45.7383,178.872,131.188],"dipPosition":[69.4903,199.679,48.5866],"direction":[-0.113069,-0.332866,-0.936171],"extended":true,"handId":227,"id":2274,"length":40.5985,"mcpPosition":[63.154,200.694,90.2125],"pipPosition":[71.2678,204.912,63.3037],"stabilizedTipPosition":[66.3374,195.11,41.0204],"timeVisible":1.51754,"tipPosition":[67.0916,194.294,41.219],"tipVelocity":[-24.6008,-49.7315,-14.0544],"tool":false,"touchDistance":-0.133754,"touchZone":"touching","type":4,"width":13.533}],"r":[[0.798613,-0.00651582,0.60181],[0.564251,0.355976,-0.744917],[-0.209376,0.934472,0.287963]],"s":0.994589,"t":[17.8029,-23.1412,-67.5194],"timestamp":4280856874},{"currentFrameRate":110.819,"devices":[],"gestures":[],"hands":[{"armBasis":[[0.915382,0.234605,-0.327164],[0.100355,0.654031,0.749782],[0.389878,-0.719169,0.575144]],"armWidth":53.9415,"confidence":1,"direction":[0.113094,0.589493,-0.799817],"elbow":[124.154,-3.54021,282.004],"grabAngle":1.18189,"grabStrength":0.272499,"id":227,"palmNormal":[-0.125905,-0.78999,-0.600053],"palmPosition":[29.8088,200.499,96.7314],"palmVelocity":[-18.565,-43.382,-17.4402],"palmWidth":77.8051,"pinchDistance":62.8516,"pinchStrength":0,"r":[[0.798781,-0.00609666,0.601591],[0.564164,0.354917,-0.745488],[-0.20897,0.934878,0.28694]],"s":0.995675,"sphereCenter":[35.2397,161.603,46.8807],"sphereRadius":64.7453,"stabilizedPalmPosition":[22.9679,210.359,117.317],"t":[17.6531,-23.4788,-67.6401],"timeVisible":1.52621,"type":"right","wrist":[34.1409,162.498,149.217]}],"id":472684,"interactionBox":{"center":[0,200,0],"size":[235.247,235.247,147.751]},"pointables":[{"bases":[[[0.531274,0.753788,0.386719],[-0.781015,0.258895,0.568322],[0.328274,-0.603968,0.726264]],[[0.297925,0.954254,-0.0252806],[-0.855428,0.278637,0.436583],[0.423655,-0.108443,0.899309]],[[0.297925,0.954254,-0.0252806],[-0.867295,0.28165,0.410453],[0.398797,-0.100359,0.911531]],[[0.297925,0.954254,-0.0252806],[-0.886491,0.286398,0.36347],[0.354083,-0.0858758,0.931263]]],"btipPosition":[-29.7161,179.182,51.5239],"carpPosition":[5.95678,170.188,132.408],"dipPosition":[-23.0555,177.567,69.0418],"direction":[-0.398797,0.100359,-0.911531],"extended":true,"handId":227,"id":2270,"length":41.889,"mcpPosition":[5.95678,170.188,132.408],"pipPosition":[-12.1266,174.816,94.022],"stabilizedTipPosition":[-26.9617,180.301,55.4837],"timeVisible":1.52621,"tipPosition":[-27.0896,181.339,54.786],"tipVelocity":[-38.9226,-45.9685,-1.12597],"tool":false,"touchDistance":0.327403,"touchZone":"hovering","type":0,"width":17.0664},{"bases":[[[0.990572,-0.0671936,-0.119383],[0.116503,0.871652,0.476077],[0.0720708,-0.485497,0.871263]],[[0.987968,-0.0526155,-0.145436],[0.10225,0.927734,0.358964],[0.116039,-0.369516,0.921951]],[[0.987968,-0.0526155,-0.145436],[0.0236176,0.98065,-0.194339],[0.152847,0.188566,0.970093]],[[0.987968,-0.0526155,-0.145436],[-0.0391819,0.824528,-0.564463],[0.149616,0.563369,0.812545]]],"btipPosition":[2.32894,219.53,18.5761],"carpPosition":[15.8939,187.627,135.227],"dipPosition":[4.38357,227.266,29.7346],"direction":[-0.152847,-0.188566,-0.970093],"extended":true,"handId":227,"id":2271,"length":47.2671,"mcpPosition":[11.36,218.17,80.417],"pipPosition":[7.35297,230.929,48.5807],"stabilizedTipPosition":[2.94271,223.632,21.6948],"timeVisible":1.52621,"tipPosition":[3.24498,226.228,21.2319],"tipVelocity":[-25.5605,-59.3087,-18.6708],"tool":false,"touchDistance":-0.254118,"touchZone":"touching","type":1,"width":16.3018},{"bases":[[[0.95673,-0.279773,-0.0799729],[0.283848,0.836873,0.468053],[-0.0640212,-0.4705,0.880074]],[[0.956373,-0.282291,-0.0752536],[0.289736,0.883424,0.368259],[-0.0374754,-0.373997,0.926673]],[[0.956373,-0.282291,-0.0752536],[0.264958,0.946608,-0.183657],[0.12308,0.155706,0.980106]],[[0.956373,-0.282291,-0.0752536],[0.186803,0.788927,-0.585405],[0.224624,0.545807,0.807241]]],"btipPosition":[25.4101,219.196,11.2394],"carpPosition":[26.3447,188.441,134.238],"dipPosition":[28.8028,227.441,23.4322],"direction":[-0.12308,-0.155706,-0.980106],"extended":true,"handId":227,"id":2272,"length":53.8571,"mcpPosition":[30.1641,216.51,81.7342],"pipPosition":[31.616,230.999,45.8335],"stabilizedTipPosition":[25.5458,222.577,14.7391],"timeVisible":1.52621,"tipPosition":[28.1174,224.068,13.9269],"tipVelocity":[-22.7817,-47.2686,-21.494],"tool":false,"touchDistance":-0.240159,"touchZone":"touching","type":2,"width":16.0105},{"bases":[[[0.912742,-0.408247,0.0153542],[0.349291,0.799321,0.48896],[-0.211889,-0.440931,0.872171]],[[0.907213,-0.419044,0.036955],[0.385219,0.862844,0.32727],[-0.169027,-0.282668,0.944208]],[[0.907213,-0.419044,0.036955],[0.415612,0.879255,-0.232761],[0.0650445,0.226523,0.971831]],[[0.907213,-0.419044,0.036955],[0.351899,0.707833,-0.612486],[0.230501,0.56866,0.789617]]],"btipPosition":[49.1189,206.676,19.024],"carpPosition":[36.6092,186.491,133.145],"dipPosition":[52.5804,215.216,30.882],"direction":[-0.0650445,-0.226523,-0.971832],"extended":true,"handId":227,"id":2273,"length":51.785,"mcpPosition":[47.9587,210.108,86.4287],"pipPosition":[54.0287,220.259,52.5206],"stabilizedTipPosition":[49.8088,210.182,22.4885],"timeVisible":1.52621,"tipPosition":[50.7242,209.942,21.8193],"tipVelocity":[-20.9378,-44.5309,-22.6111],"tool":false,"touchDistance":-0.192672,"touchZone":"touching","type":3,"width":15.235},{"bases":[[[0.81174,-0.582958,0.0351926],[0.466902,0.683977,0.560516],[-0.350828,-0.438562,0.827396]],[[0.765228,-0.630174,0.131554],[0.577534,0.762297,0.292162],[-0.284396,-0.147594,0.947278]],[[0.765228,-0.630174,0.131554],[0.633572,0.701016,-0.327358],[0.114071,0.333852,0.935698]],[[0.765228,-0.630174,0.131554],[0.541285,0.519222,-0.661377],[0.348477,0.577312,0.738427]]],"btipPosition":[64.4498,191.243,38.177],"carpPosition":[45.5933,178.55,131.064],"dipPosition":[69.2777,199.241,48.4073],"direction":[-0.114071,-0.333852,-0.935698],"extended":true,"handId":227,"id":2274,"length":40.5985,"mcpPosition":[62.9884,200.295,90.0389],"pipPosition":[71.071,204.489,63.117],"stabilizedTipPosition":[66.2516,194.886,40.9662],"timeVisible":1.52621,"tipPosition":[66.8865,193.807,41.0524],"tipVelocity":[-25.4002,-51.5973,-19.4458],"tool":false,"touchDistance":-0.136564,"touchZone":"touching","type":4,"width":13.533}],"r":[[0.798781,-0.00609666,0.601591],[0.564164,0.354917,-0.745488],[-0.20897,0.934878,0.28694]],"s":0.995675,"t":[17.6531,-23.4788,-67.6401],"timestamp":4280865544},{"currentFrameRate":111.021,"devices":[],"gestures":[],"hands":[{"armBasis":[[0.91494,0.234507,-0.328467],[0.100873,0.655159,0.748726],[0.39078,-0.718173,0.575776]],"armWidth":53.9415,"confidence":1,"direction":[0.11277,0.58819,-0.800821],"elbow":[124.221,-3.63009,282.03],"grabAngle":1.18142,"grabStrength":0.272291,"id":227,"palmNormal":[-0.126377,-0.790926,-0.598719],"palmPosition":[29.6387,200.096,96.5551],"palmVelocity":[-19.6678,-46.5882,-20.3715],"palmWidth":77.8051,"pinchDistance":63.5761,"pinchStrength":0,"r":[[0.79898,-0.00559875,0.601331],[0.564026,0.353809,-0.746119],[-0.208579,0.935301,0.285844]],"s":0.998644,"sphereCenter":[33.9846,161.453,46.7798],"sphereRadius":64.5158,"stabilizedPalmPosition":[23.0539,210.227,117.049],"t":[17.4931,-23.8492,-67.7886],"timeVisible":1.53486,"type":"right","wrist":[33.9994,162.179,149.098]}],"id":472685,"interactionBox":{"center":[0,200,0],"size":[235.247,235.247,147.751]},"pointables":[{"bases":[[[0.531624,0.754307,0.385223],[-0.780658,0.259951,0.568329],[0.328556,-0.602865,0.727052]],[[0.297979,0.954187,-0.0271356],[-0.854645,0.27934,0.437664],[0.425194,-0.107224,0.898729]],[[0.297979,0.954187,-0.0271356],[-0.866142,0.282215,0.412496],[0.401256,-0.0994118,0.910555]],[[0.297979,0.954187,-0.0271356],[-0.844491,0.276762,0.458517],[0.445021,-0.113713,0.888271]]],"btipPosition":[-31.7163,179.286,52.2693],"carpPosition":[5.80034,169.846,132.294],"dipPosition":[-23.345,177.147,68.9785],"direction":[-0.401256,0.0994118,-0.910555],"extended":true,"handId":227,"id":2270,"length":41.889,"mcpPosition":[5.80034,169.846,132.294],"pipPosition":[-12.3487,174.423,93.932],"stabilizedTipPosition":[-27.3057,180.118,55.5602],"timeVisible":1.53486,"tipPosition":[-27.5288,180.678,54.811],"tipVelocity":[-185.722,-1.87419,64.6628],"tool":false,"touchDistance":0.336387,"touchZone":"hovering","type":0,"width":17.0664},{"bases":[[[0.990495,-0.0675699,-0.119812],[0.116923,0.872392,0.474617],[0.0724528,-0.484114,0.872]],[[0.987858,-0.0529346,-0.146063],[0.102521,0.928509,0.356876],[0.11673,-0.367518,0.922662]],[[0.987858,-0.0529346,-0.146063],[0.0233145,0.980028,-0.19749],[0.1536,0.191686,0.969362]],[[0.987858,-0.0529346,-0.146063],[-0.0397785,0.822643,-0.567164],[0.15018,0.566088,0.810549]]],"btipPosition":[2.10702,218.937,18.3986],"carpPosition":[15.7422,187.289,135.079],"dipPosition":[4.1694,226.711,29.5297],"direction":[-0.1536,-0.191686,-0.969362],"extended":true,"handId":227,"id":2271,"length":47.2671,"mcpPosition":[11.1843,217.744,80.2225],"pipPosition":[7.15342,230.435,48.3617],"stabilizedTipPosition":[2.91047,223.373,21.6291],"timeVisible":1.53486,"tipPosition":[3.03666,225.687,21.0286],"tipVelocity":[-25.4466,-67.5188,-21.2431],"tool":false,"touchDistance":-0.257181,"touchZone":"touching","type":1,"width":16.3018},{"bases":[[[0.956634,-0.280079,-0.0800431],[0.284257,0.837569,0.466558],[-0.0636316,-0.469078,0.880861]],[[0.956301,-0.282443,-0.0755967],[0.29003,0.883602,0.367601],[-0.0370288,-0.373462,0.926906]],[[0.956301,-0.282443,-0.0755967],[0.264983,0.946493,-0.184216],[0.123582,0.156134,0.979974]],[[0.956301,-0.282443,-0.0755967],[0.186607,0.788627,-0.585871],[0.225093,0.546162,0.806871]]],"btipPosition":[25.1989,218.733,11.0369],"carpPosition":[26.1927,188.099,134.083],"dipPosition":[28.5988,226.983,23.2241],"direction":[-0.123582,-0.156134,-0.979974],"extended":true,"handId":227,"id":2272,"length":53.8571,"mcpPosition":[29.9888,216.083,81.5322],"pipPosition":[31.4234,230.551,45.6224],"stabilizedTipPosition":[25.5677,222.479,14.6938],"timeVisible":1.53486,"tipPosition":[27.8974,223.518,13.7146],"tipVelocity":[-24.2192,-53.3777,-23.5561],"tool":false,"touchDistance":-0.243556,"touchZone":"touching","type":2,"width":16.0105},{"bases":[[[0.912675,-0.408392,0.0155135],[0.349705,0.800038,0.487489],[-0.211498,-0.439494,0.872991]],[[0.9073,-0.418888,0.0365929],[0.385215,0.862935,0.327036],[-0.168569,-0.282624,0.944303]],[[0.9073,-0.418888,0.0365929],[0.415409,0.879474,-0.232296],[0.0651234,0.225963,0.971957]],[[0.9073,-0.418888,0.0365929],[0.351735,0.708393,-0.611933],[0.230409,0.568078,0.790063]]],"btipPosition":[48.9281,206.273,18.8097],"carpPosition":[36.4562,186.145,132.987],"dipPosition":[52.3883,214.804,30.6744],"direction":[-0.0651234,-0.225963,-0.971957],"extended":true,"handId":227,"id":2273,"length":51.785,"mcpPosition":[47.7847,209.685,86.2272],"pipPosition":[53.8383,219.835,52.3157],"stabilizedTipPosition":[49.804,210.072,22.4345],"timeVisible":1.53486,"tipPosition":[50.5087,209.406,21.6161],"tipVelocity":[-22.0905,-46.8543,-24.5983],"tool":false,"touchDistance":-0.196219,"touchZone":"touching","type":3,"width":15.235},{"bases":[[[0.811651,-0.583052,0.0356864],[0.467333,0.684786,0.559166],[-0.350461,-0.43717,0.828287]],[[0.765684,-0.62969,0.131219],[0.57741,0.762782,0.291138],[-0.283418,-0.147152,0.947639]],[[0.765684,-0.62969,0.131219],[0.632863,0.70106,-0.328632],[0.114944,0.334672,0.935298]],[[0.765684,-0.62969,0.131219],[0.540236,0.518848,-0.662527],[0.349104,0.578175,0.737455]]],"btipPosition":[64.2258,190.785,37.9926],"carpPosition":[45.4377,178.199,130.914],"dipPosition":[69.0624,198.796,48.2094],"direction":[-0.114944,-0.334672,-0.935298],"extended":true,"handId":227,"id":2274,"length":40.5985,"mcpPosition":[62.8145,199.875,89.8451],"pipPosition":[70.8694,204.057,62.9129],"stabilizedTipPosition":[66.1494,194.633,40.8964],"timeVisible":1.53486,"tipPosition":[66.6805,193.305,40.8651],"tipVelocity":[-25.6621,-52.5484,-21.6736],"tool":false,"touchDistance":-0.139689,"touchZone":"touching","type":4,"width":13.533}],"r":[[0.79898,-0.00559875,0.601331],[0.564026,0.353809,-0.746119],[-0.208579,0.935301,0.285844]],"s":0.998644,"t":[17.4931,-23.849